RESULTS:
< 365
(1) -2.3183722 1.6594121 -1.3971045(t-val) 0.1624635
(2)  -4.40112231419363 se: 7.35611809118343 pval: 0.549643688975474 0.08306
(3) -10.2369422854938 se: 6.55209780742715 pval: 0.118195775202277 0.12977
(4) -0.965132407537618 2.99949430653495 0.747630700449829 
(5) -3.060586661145 2.54195045735623 0.228577671479844 0.39024

< 180
(1) -2.12430362  0.83949952 -2.53044053 0.01143192 0.9717
(2) -5.46916358423011 5.64431430755396 0.332560833845976 0.20813
(3) est: -8.59129329611118 se: 4.24292408957517 pval: 0.0406500785212014  0.29799
(4) -1.71066210579587 1.27107315436588 0.178353865529458
(5) -3.16282722033291 2.69608474960682 0.240748240654051 0.54188

< 60
(1) -0.2159274  0.2448078 -0.8820282  0.3778174 0.6812
(2) -1.9381117282307 1.43810699656401 0.177632636304082 0.89258
(3) -1.71293305278877 0.941113711592863 0.0687418384291448 0.71309
(4) -0.549333221695109 0.399967765241641 0.169614441173706 NaN
(5)  -0.728152967412148 0.80617424318318 0.366408969173196 0.70724

COMMENTS
ALL
(1) -0.14491085  0.07046849 -2.05639224  0.03981269, 0.9279
(2) -1.63623290174414 1.77730878666647 0.357246832960995 0.3278
(3) -1.75693296452993 1.12859910018448 0.113512940351459 0.56192
(4) -0.00734133284719591 0.145734680252812 0.959823840729181 NaN
(5) 0.487709756775604 0.399540526474177 1.73013433862031 0.70942

< 360
(1) -0.15027673  0.06548351 -2.29487885  0.02179420 , 0.9861
(2) -2.27546414960214 1.40174832130791 0.0988671028367586 0.42051
(3) -2.10114002812062 1.00590927715663 0.0367260231710236 0.5866
(4) -0.0254232628704527 0.13521853600844 0.850864024002071 NaN
(5) -1.07388390248742 1.98029916055518  0.587623101330763


<180
(1) -0.13827316  0.05654516 -2.44535827  0.01451584 0.947
(2) -2.31167248394886 1.19122457372363 0.0523086406157498 0.33795
(3) -2.50161265060765 1.01871007368003 0.0140623420210993 0.23
(4) -0.0360846705135874 0.131761425513468 0.784189374432467 NaN
(5) -1.75812991472805 2.31485638022467 0.443802652668754 0.36805

< 60
(1) -0.06827082  0.05181256 -1.31764988  0.18770044 0.4456
(2) -1.50868390284154 0.599078633191383 0.00745733804879636 0.19963
(3) -1.45875634752456 0.50144143049598 0.00241138976898303 0.12182
(4) 0.0113102761868221 0.118204638064698 1.07622834105513 NaN
(5) -0.345782534995025 0.331360833001946 0.296706295576852 0.74182
